#       Data frame
#       Друга структура за съхраняване на данни в R е data frame. Разликата с матрицата е, 
#   че елементите в матрицата е вектор от вектори и всички елементи са от един тип, докато
#   data frame-a е лист от вектори и елементите на data frame-а са от един тип, само в рамките 
#   на отделния вектор.


car_brand <- c('volkswagen', 'chevrolet', 'peugot', 'volvo', 'porsche', 'chevrolet', 'mitsubishi', 'mazda', 
               'toyota', 'subaru', 'isuzu', 'volvo', 'mercury', 'honda', 'peugot', 'porsche', 'dodge', 
               'volkswagen', 'bmw', 'mercedes-benz', 'toyota', 'isuzu', 'volkswagen', 'mazda', 'plymouth', 
               'honda', 'mitsubishi', 'plymouth', 'volkswagen', 'volkswagen', 'honda', 'toyota', 'nissan', 
               'nissan', 'mitsubishi', 'volvo', 'toyota', 'jaguar', 'volkswagen', 'dodge')
fuel_type <- c('gas', 'gas', 'gas', 'gas', 'gas', 'gas', 'gas', 'gas', 'gas', 'gas', 'gas', 'gas', 'gas', 'gas', 
               'gas', 'gas', 'gas', 'gas', 'gas', 'gas', 'diesel', 'gas', 'gas', 'diesel', 'gas', 'gas', 'gas', 
               'gas', 'diesel', 'gas', 'gas', 'gas', 'gas', 'diesel', 'gas', 'gas', 'gas', 'gas', 'gas', 'gas')
horsepower <- c(111, 154, 102, 115, 110, 140, 160, 101, 121, 182, 48, 70, 68, 102, 88, 145, 58, 76, 60, 86, 
                101, 100, 78, 70, 90, 176, 262, 68, 101, 135, 84, 64, 120, 72, 123, 155, 184, 175, 68, 102)
turbo_aspiration <- c(FALSE, TRUE, FALSE, FALSE, TRUE, FALSE, FALSE, TRUE, TRUE, FALSE, FALSE, FALSE, TRUE, FALSE, 
                      FALSE, FALSE, FALSE, FALSE, TRUE, FALSE, FALSE, TRUE, FALSE, FALSE, TRUE, FALSE, FALSE, 
                      FALSE, TRUE, TRUE, FALSE, FALSE, FALSE, FALSE, FALSE, FALSE, TRUE, TRUE, FALSE, TRUE)
date <- c('2019-01-09', '2019-03-01', '2019-01-16', '2018-12-13', '2019-02-16', '2019-02-15', '2019-02-19', 
          '2019-02-27', '2019-01-19', '2019-01-22', '2019-03-05', '2018-12-19', '2019-01-13', '2019-02-04', 
          '2019-01-30', '2019-01-12', '2019-02-28', '2018-12-15', '2018-12-31', '2018-12-20', '2019-01-21', 
          '2019-01-24', '2019-02-05', '2019-02-17', '2018-12-19', '2018-12-26', '2019-02-26', '2018-12-26', 
          '2018-12-19', '2018-12-17', '2019-03-04', '2019-03-07', '2019-01-26', '2019-02-06', '2018-12-20', 
          '2018-12-13', '2018-12-15', '2018-12-24', '2018-12-30', '2019-03-03')
cars <- data.frame(
  date = as.Date(date),			#	Дати
  car_brand, fuel_type,		#	Стрингове
  turbo_aspiration,	#	Булева променлива
  horsepower	#	Числа
) 


rm(list = c("car_brand", "fuel_type", "horsepower", "turbo_aspiration", "date"))
# функцията rm() премахва обектите, които описани в масива, присвоен на параметъра "list"

str(cars)
#       Както виждаме, data frame-а може да съдържа данни от различен тип - дата, стринг, 
#   булев или числов.


#
#       В R можем да вземем първите и последните няколко реда с помощта на функциите head() и tail()
head(x = cars)
head(x = cars, n = 3)	#	n - колко наблюдения искаме да видим. По подразбиране, стойността на n е 6
tail(x = cars, n = 3)



#	Създаване на извадки
#	Искаме да създадем вектор, който съдържа стойностите TRUE и FALSE
N <- 30
set.seed(1234)
sample(x = c(T, F), size = N, replace = TRUE, prob = c(0.9, 0.1))

set.seed(4321)
round(runif(n = N, min = 1, max = 10)) #	Генериране на равномерно разпределена величина с N на брой стойности в интервала 1, 10
#	sample(x, size, replace, prob) - на случаен принцип се избират N на брой елементи от предварително зададен вектор
#		x - вектор, от който се избират елементите, 
#		size - размерът на желаната извадка (в нашия случай 30), 
#		replace - опцията дали да се преизбират наново елементи. Ако size > x, то задължително трябва replace = TRUE
#		prob - вектор с вероятностите за избиране на случаен елемент. Трябва дължината на prob да бъде равна на дължината на x и сборът да бъде равен на 1

#	round(x, digits = 0) - закръгля числата до digits цифри след десетичната запетая.




#       Обединяване на матрици и data frame-ове по редове и колони

#       Ще покажем случая с матрици. С data frame е абсолютно същото.
#       Създаваме две матрици
M1 <- matrix(data = 1:20, nrow = 10, byrow = T)
M2 <- matrix(data = 21:30, nrow = 2, byrow = T)
M1; M2


#       Функциите за обединяване на две матрици/data frame-ове са:
#   - rbind - обединение по редове - долепя втората матрица под първата
#   - cbind - обединение по колони - долепя втората матрица след първата
rbind(M1, M2)   
#       Връща грешка, защото, когато обединяваме две матрици по редове, то размерът на 
#   колоните трябва да бъде еднакъв. Същото се отнася и при обединяване по колони - 
#   искаме редовете да са еднавни на брой.
#       Проверка може да се извърши с nrow(), ncol() и dim()

dim(M1)
dim(M2)

#       Нека да транспонираме втората матрица (транспонирането е операция, за която редовете се
#   превръщат в колони). Функцията за транспониране в R е t()
M2.t <- t(M2)
dim(M2.t)

rbind(M1, M2.t)

#   Пример за обединение по колони
M3 <- matrix(data = 21:40, nrow = 10, byrow = T)
cbind(M1, M3)


#       Функциите apply, lapply, sapply и т.н. могат да се прилагат и върху data frame-ове



#       Взимане на ред, колона и елемент от data frame
#       Всеки от начините, които споменахме при взиамне на елементи от матрица, са приложими и 
#   за data frame, като отделно имаме и допълнителни.

#	dataframe[избор на редове, избор на колони]

cars[1, ]	#	Първи ред и всички колони (индексът за колоните е празен)

cars[, 2]	#	Втора колона и всички редове (индексът за редовете е празен)
cars[1:nrow(cars), 2]	#	еквивалентен на горния ред

cars[5, c(2, 3)]	#	Пети ред, втора и трета колона
cars[5, 4]	#	5 ред и 4-та колона


#	С функцията row.names можем както да взимаме имената на редовете, така можем и да променяме вече съществуващи имена

row.names(cars) <- paste("car", 1:nrow(cars),